parameters
----------
grid size:	256
steps      :	500000
L       :	15000
dt      :	0.01
k1     :	0.341333
k2     :	0.00853333
k3     :	3.41333e-05
k4     :	0.000170667
k5     :	0.000341333
k6     :	3.41333e-05
KM1     :	280
KM2     :	4500
KM3     :	2200
KM4     :	90
alpha   :	0.35
beta     :	0.95
St   :	450
D     :	200
